Friction=22600;
%Friction=0;
Pole=118;
Inertia=250000;
Rs=0.05;
Ld=0.0035218;
Lq=0.0035218;
Lambdam=14.3522;
%Tm=-1100000;
Vw=11.8;
R=58;
Beta=0;
Ro=1.225;

